1862 0
-11	0	8	15.3449	0.6147811	1
-11	0	9	24.54016	1.084876	1
-11	1	3	11.69976	0.955011	1
-11	1	4	12.12466	1.035238	1
-11	1	6	17.58053	1.093183	1
-11	2	3	11.85272	0.9840692	1
-11	2	5	20.85149	0.6764922	1
-11	2	8	12.2398	1.058353	1
-11	3	6	16.62952	0.6543584	1
-10	0	3	12.58838	0.9497828	1
-10	0	4	27.4555	0.9118295	1
-10	0	13	11.49195	0.8278651	1
-10	1	2	11.74186	0.6745652	1
-10	1	3	13.3477	0.4721529	1
-10	1	5	13.23308	0.6866608	1
-10	1	6	14.07854	0.569919	1
-10	1	7	13.82062	0.5635435	1
-10	1	9	14.25224	0.4825296	1
-10	1	10	18.17096	0.511661	1
-10	1	11	18.43796	0.6118438	1
-10	1	12	14.57131	0.6846048	1
-10	2	1	14.07267	0.6922114	1
-10	2	3	17.47398	0.5951513	1
-10	2	5	16.49756	0.5301727	1
-10	2	7	16.11658	0.4347444	1
-10	2	10	26.98285	0.5626438	1
-10	3	3	18.28003	0.7646683	1
-10	3	5	11.46267	0.3912366	1
-10	3	7	13.65552	0.6481105	1
-10	3	9	17.68899	0.6230436	1
-10	3	10	20.01102	1.19806	1
-10	5	1	9.725468	0.7951462	1
-10	5	2	10.86367	0.8035848	0
-10	5	6	10.52659	0.8497004	1
-10	5	7	10.84537	0.8428341	1
-9	0	1	16.60672	0.6407503	1
-9	0	2	12.19641	0.504244	1
-9	0	4	16.27608	0.4915253	1
-9	0	5	34.93483	0.8479517	1
-9	0	6	26.48638	1.271281	0
-9	0	8	11.46334	0.5568548	1
-9	0	10	30.17282	0.6900196	1
-9	0	11	16.39828	0.7193978	1
-9	0	14	13.27883	0.5451277	1
-9	0	15	13.77829	0.8431219	1
-9	1	2	14.25361	0.3496014	1
-9	1	3	10.57246	0.6280627	1
-9	1	4	10.86972	0.5135309	1
-9	1	5	25.85392	0.7011147	1
-9	1	6	24.31313	0.67558	1
-9	1	7	17.4989	0.4233258	1
-9	1	11	13.92678	0.540562	1
-9	1	13	14.78829	0.4108762	1
-9	1	14	18.09433	0.4244915	1
-9	2	1	12.91986	0.8004596	1
-9	2	2	21.15385	0.5707191	1
-9	2	3	16.78834	0.6276978	1
-9	2	6	24.81932	0.5350731	1
-9	2	7	19.55736	0.3686535	1
-9	2	8	27.10352	0.4583369	1
-9	2	10	29.64734	0.5420914	1
-9	2	12	21.74494	0.4056793	1
-9	2	13	14.52612	0.7059347	1
-9	2	14	13.74227	1.075663	1
-9	3	3	13.57254	0.4849882	1
-9	3	4	10.61742	0.781067	1
-9	3	5	11.09123	0.4206739	1
-9	3	7	13.15617	0.8867198	0
-9	3	10	11.74106	0.8394866	1
-9	3	11	14.68163	0.5471038	0
-9	4	1	13.92109	0.4147833	0
-9	4	3	10.15509	0.5860463	1
-9	4	5	14.71014	0.676881	1
-9	4	6	21.27023	0.5427318	1
-9	4	7	13.02662	0.4805504	1
-9	4	8	10.56054	0.5695457	0
-9	4	10	18.18091	0.4628748	1
-9	5	1	19.55214	0.5518496	1
-9	5	4	9.917896	0.5824388	1
-9	5	5	14.36844	0.9394285	1
-9	6	1	11.79148	0.3686032	1
-9	6	2	13.20075	0.4376812	1
-9	6	6	12.1819	0.6095451	1
-8	0	1	17.69729	0.5178122	1
-8	0	2	25.74015	0.7405275	1
-8	0	7	23.77155	0.6977628	1
-8	0	8	45.38903	1.001119	1
-8	0	9	25.62707	0.6851305	1
-8	0	10	22.69505	0.5463606	1
-8	0	12	13.46003	0.9389799	1
-8	0	13	18.28068	0.6277598	1
-8	1	1	11.85039	0.38898	1
-8	1	2	22.07236	0.4702874	1
-8	1	3	28.99515	0.5235122	1
-8	1	4	24.69525	0.5530521	1
-8	1	6	12.49541	0.8638222	1
-8	1	7	16.24129	0.398304	1
-8	1	9	12.40534	0.4822324	0
-8	1	11	12.34576	0.3639829	1
-8	1	12	9.211395	0.6623036	1
-8	1	13	21.41532	0.445907	1
-8	1	15	13.99922	0.7353558	1
-8	1	16	14.72576	0.5582335	1
-8	2	1	10.65406	0.4557857	1
-8	2	2	9.675236	0.8652475	1
-8	2	3	16.61829	0.6931838	1
-8	2	5	23.61203	0.4898252	1
-8	2	6	27.99699	0.554069	1
-8	2	7	19.58759	0.5626761	1
-8	2	8	17.79093	0.7148232	1
-8	2	9	17.12805	0.4234846	1
-8	2	10	17.88766	0.3702678	1
-8	2	11	14.01201	0.4151781	1
-8	2	12	11.13706	0.7843914	1
-8	2	13	27.80097	0.5145285	1
-8	3	1	10.0064	0.749256	1
-8	3	3	27.74744	0.6187985	1
-8	3	4	25.33586	0.4716998	1
-8	3	5	20.43791	0.5216659	1
-8	3	6	25.90436	0.5224018	1
-8	3	7	16.39263	0.379475	1
-8	3	8	16.19705	0.5345057	1
-8	3	9	10.01254	0.484272	1
-8	3	11	16.3927	0.436741	1
-8	3	14	18.49381	0.5054531	1
-8	3	15	20.73967	0.6064467	1
-8	4	1	8.604159	0.6323025	1
-8	4	2	10.6252	0.4690924	1
-8	4	3	17.35279	0.4842356	1
-8	4	4	18.2387	0.5616493	1
-8	4	5	29.91165	0.5780234	1
-8	4	6	12.13312	0.8265612	1
-8	4	7	17.74539	0.5017544	1
-8	4	8	26.51437	0.4329042	1
-8	4	9	10.21579	0.5298791	1
-8	4	11	9.442789	0.4776939	1
-8	4	12	10.65371	0.4350325	1
-8	4	13	19.17351	0.4089396	1
-8	4	14	17.91878	0.621347	1
-8	4	15	20.0737	0.8944278	1
-8	5	1	8.205836	0.6375179	1
-8	5	2	12.26171	0.8724119	1
-8	5	3	30.83831	0.5164536	1
-8	5	4	13.7503	0.5710193	1
-8	5	7	11.92011	0.4103084	1
-8	5	8	16.00293	0.5019524	1
-8	5	11	8.154118	0.6795349	1
-8	6	2	18.91496	0.4455231	1
-8	6	3	20.82812	0.6033877	1
-8	6	5	17.78255	0.9206127	1
-8	6	7	9.784353	0.7964182	1
-8	6	8	10.01574	0.5065648	0
-8	6	9	19.89572	0.4866872	1
-8	7	1	9.498343	0.8032836	1
-8	7	3	10.58576	0.7057837	1
-8	7	4	13.50971	0.6057411	1
-8	7	5	15.26618	0.3893807	1
-8	7	7	14.0541	0.455643	1
-7	0	2	18.38266	1.04402	1
-7	0	4	23.9104	0.6861759	1
-7	0	5	33.45636	0.7609077	1
-7	0	6	10.45988	0.537771	1
-7	0	7	32.58826	0.7432358	1
-7	0	8	29.37034	0.6891445	1
-7	0	10	30.50945	0.7064139	1
-7	0	11	28.6179	0.678097	0
-7	0	12	16.60643	0.9075313	1
-7	0	13	32.86113	0.6201707	1
-7	0	14	20.48026	0.5568988	1
-7	0	17	8.299217	0.7781376	1
-7	1	1	9.983787	0.5174378	1
-7	1	2	19.03284	0.4633242	1
-7	1	3	18.49297	0.4520006	1
-7	1	5	27.47873	0.5323705	1
-7	1	6	14.80636	0.521628	1
-7	1	7	18.61843	0.4449146	1
-7	1	8	19.76274	0.4248132	1
-7	1	10	9.520823	0.5482952	1
-7	1	11	17.96976	0.3867836	1
-7	1	12	15.57209	0.4545708	1
-7	1	15	21.45027	0.4990326	0
-7	1	16	16.47666	0.5863159	1
-7	2	2	10.41525	0.5407841	1
-7	2	3	10.43784	0.4271594	0
-7	2	4	58.77156	0.9485829	0
-7	2	6	25.65757	0.7103179	1
-7	2	8	17.34405	0.6694389	1
-7	2	10	13.62407	0.6399951	1
-7	2	12	13.81828	0.9162892	1
-7	2	13	22.42231	0.4376642	1
-7	2	15	14.83768	0.5289171	1
-7	2	16	24.82785	0.5790118	1
-7	2	17	18.58045	0.5657482	1
-7	3	2	15.49502	0.3422282	1
-7	3	3	12.14327	0.5728415	1
-7	3	4	9.742213	0.5438474	1
-7	3	5	22.23351	0.6439662	1
-7	3	6	26.02966	0.6231073	0
-7	3	7	25.46367	0.618816	1
-7	3	8	12.37201	0.4223629	1
-7	3	9	13.04481	0.592019	1
-7	3	10	12.63502	0.5571927	0
-7	3	11	13.15686	0.3983408	1
-7	3	14	9.981347	0.7540074	1
-7	3	15	14.67377	0.5946804	1
-7	4	1	26.67579	0.5238155	1
-7	4	2	15.15434	0.3979856	1
-7	4	3	12.72585	0.3893383	1
-7	4	4	30.55042	0.5776377	1
-7	4	5	18.60621	0.5682852	1
-7	4	6	31.01137	0.5409077	1
-7	4	7	10.72225	0.7465035	1
-7	4	9	15.88143	0.3515353	1
-7	4	10	9.360603	0.7898543	1
-7	4	12	12.86638	0.4070163	0
-7	4	15	21.24328	0.5232727	1
-7	5	1	13.10836	0.8254045	1
-7	5	2	8.544803	0.6006818	1
-7	5	3	15.87654	0.7698509	1
-7	5	4	10.3335	0.4915656	1
-7	5	5	10.94255	0.5467268	1
-7	5	6	12.45739	0.4709442	1
-7	5	7	20.93175	0.3951973	0
-7	5	8	20.53398	0.5260558	1
-7	5	9	26.02128	0.3520256	1
-7	5	10	16.43098	0.4340581	1
-7	5	11	16.1172	0.7110618	1
-7	5	12	10.42924	0.8636824	1
-7	5	14	16.53616	0.6880131	1
-7	6	3	28.3952	0.7464654	1
-7	6	4	22.53012	0.4055004	1
-7	6	5	16.77939	0.3672016	1
-7	6	6	28.29874	0.4184373	1
-7	6	9	11.61961	0.7313324	1
-7	7	1	20.27112	0.9614528	1
-7	7	4	8.97484	0.6589478	1
-7	7	9	9.402236	0.442327	1
-7	7	10	15.042	0.6273336	1
-7	7	11	11.42449	0.6322598	1
-7	8	2	10.65393	0.5426142	1
-7	8	3	18.76939	0.4657767	1
-7	8	4	26.18302	0.5345013	1
-7	8	7	12.8325	0.8211506	0
-6	0	3	30.82884	1.073345	1
-6	0	4	21.01815	0.6442305	1
-6	0	5	54.99932	1.279714	1
-6	0	6	10.38308	0.3826627	1
-6	0	7	40.85133	0.9681531	1
-6	0	8	30.77407	0.8124201	1
-6	0	10	24.39993	0.5907394	1
-6	0	11	19.34326	0.587284	1
-6	0	12	10.49428	0.8719026	1
-6	0	14	23.02806	0.5046467	1
-6	0	15	11.90234	0.5426054	1
-6	0	18	26.57429	0.6724167	1
-6	1	2	44.77279	0.7967617	1
-6	1	3	12.42471	0.4028949	1
-6	1	4	17.67931	0.9771478	1
-6	1	5	16.84666	0.4295022	1
-6	1	6	19.75636	0.4362385	1
-6	1	7	12.7936	0.3988695	1
-6	1	8	29.00025	0.4701374	1
-6	1	9	24.00447	0.4362331	1
-6	1	10	24.99579	0.5249581	1
-6	1	11	9.294375	0.5281713	1
-6	1	12	24.81495	0.4635314	1
-6	1	13	13.00842	0.4029436	1
-6	1	14	10.50237	0.4346122	1
-6	1	15	21.1573	0.5171964	1
-6	1	16	10.5843	0.6064155	1
-6	2	1	17.43388	0.5823467	1
-6	2	2	40.17097	0.6731483	1
-6	2	3	18.50372	0.9977567	1
-6	2	4	23.52782	0.4317078	1
-6	2	5	25.44759	0.6403126	1
-6	2	6	31.98705	0.6360395	1
-6	2	7	45.23498	0.689187	0
-6	2	9	27.59507	0.4535816	1
-6	2	10	7.898451	0.5931271	1
-6	2	12	11.93777	0.4305493	1
-6	2	14	21.3142	0.3626181	0
-6	2	16	12.63748	0.5754187	1
-6	2	18	11.60163	1.127592	1
-6	3	2	31.46577	0.5346715	1
-6	3	3	26.38789	0.5461791	1
-6	3	4	18.44415	0.4322879	1
-6	3	5	8.39878	0.4525539	1
-6	3	6	29.32386	0.5053369	1
-6	3	7	12.67654	0.3803062	1
-6	3	8	24.67655	0.4153589	1
-6	3	9	13.98486	0.4239517	1
-6	3	10	13.11024	0.3394283	1
-6	3	11	16.60983	0.5815356	1
-6	3	12	19.09013	0.7393438	1
-6	3	13	16.26811	0.3954434	1
-6	3	14	13.50314	0.6195759	1
-6	3	15	12.35789	0.491868	0
-6	3	16	10.12193	0.8762983	1
-6	3	17	10.76388	0.6012931	1
-6	4	1	20.09921	0.445955	0
-6	4	2	8.638035	0.4689069	1
-6	4	3	16.34083	0.6261719	1
-6	4	4	13.27755	0.7536476	1
-6	4	5	18.53902	0.5506142	0
-6	4	7	18.08151	0.6564413	1
-6	4	8	10.1847	0.5042649	1
-6	4	9	19.14546	0.5608275	1
-6	4	11	22.08413	0.4363375	1
-6	4	12	10.33707	0.4598609	0
-6	4	13	10.87033	0.4273504	1
-6	4	14	6.944632	0.5486497	1
-6	4	15	11.60117	0.6307305	1
-6	4	16	10.96352	0.6514382	1
-6	5	1	12.06778	0.3816102	1
-6	5	3	29.8314	0.5063632	0
-6	5	4	12.21208	0.3480306	1
-6	5	5	21.35836	0.7331033	1
-6	5	6	10.17426	0.4960227	1
-6	5	8	28.66359	0.4135612	1
-6	5	9	24.9629	0.3983994	1
-6	5	12	17.76971	0.4332928	1
-6	5	13	11.30363	0.4637721	1
-6	5	15	21.86315	0.6584502	0
-6	5	16	19.20774	0.6262128	1
-6	6	1	29.39047	0.4519235	1
-6	6	2	14.6541	0.4242472	1
-6	6	3	21.62967	0.5804442	1
-6	6	4	20.24959	0.5271095	1
-6	6	5	24.15921	0.4135136	1
-6	6	6	11.0198	0.4519924	1
-6	6	8	8.686331	0.4506656	1
-6	6	9	14.77153	0.3216382	1
-6	6	10	13.11722	0.3256717	1
-6	6	11	21.05049	0.4957204	1
-6	6	12	13.13562	0.4331504	1
-6	6	13	12.99341	0.4628429	1
-6	7	1	25.02356	0.4432265	1
-6	7	2	37.5686	0.5527671	1
-6	7	3	11.77431	0.4647936	1
-6	7	5	17.92314	0.4767936	1
-6	7	7	8.898192	0.6840366	1
-6	7	9	13.06553	0.5436087	1
-6	7	11	9.137729	0.4640388	1
-6	7	12	11.35931	0.3792354	1
-6	8	1	16.30188	0.3974753	1
-6	8	2	33.6075	0.4520564	1
-6	8	3	16.01927	0.5678667	1
-6	8	5	21.56803	0.5294992	1
-6	8	7	17.04327	0.5041862	1
-6	8	8	9.170341	0.6031963	0
-6	8	9	15.47883	0.7541593	1
-6	9	1	9.134736	0.6632767	1
-6	9	2	18.86396	0.4175073	1
-6	9	5	12.94202	0.4644412	1
-5	0	1	10.73096	0.363481	1
-5	0	2	45.13029	1.07344	1
-5	0	3	60.2424	1.416372	1
-5	0	4	23.15923	0.8423563	1
-5	0	5	14.09232	0.5899134	1
-5	0	6	30.05241	0.7262581	1
-5	0	7	31.65872	0.7612548	0
-5	0	9	36.92762	0.8783612	1
-5	0	10	64.98984	1.370659	0
-5	0	11	31.73738	0.7145647	1
-5	0	12	14.38275	0.6110867	1
-5	0	14	11.23703	0.5218282	1
-5	1	2	12.28444	0.3502458	1
-5	1	3	32.87986	0.6043972	1
-5	1	4	28.91497	0.6386414	1
-5	1	5	14.77327	0.4148374	1
-5	1	6	27.99877	0.4819385	1
-5	1	7	25.55685	0.4767632	1
-5	1	8	21.16873	0.4159083	1
-5	1	9	9.221499	0.3448689	1
-5	1	10	33.54225	0.5286341	1
-5	1	11	19.61976	0.5008504	1
-5	1	12	30.57228	0.5665476	1
-5	1	13	32.02859	0.5514755	1
-5	1	14	10.4783	0.5813266	0
-5	1	16	17.63293	0.4729521	1
-5	1	17	15.13983	0.4579954	1
-5	2	1	24.6556	0.4980713	1
-5	2	2	7.960989	0.4169021	1
-5	2	3	22.5726	0.464168	1
-5	2	4	18.15533	0.5594415	1
-5	2	5	18.9285	0.5629056	1
-5	2	6	35.9065	0.6016901	1
-5	2	7	45.7059	0.804751	1
-5	2	8	28.69892	0.531843	0
-5	2	9	18.08357	0.5452044	1
-5	2	10	17.78116	0.5167097	1
-5	2	11	24.45447	0.4142477	1
-5	2	12	31.07213	0.5779167	1
-5	2	13	26.2718	0.4081617	1
-5	2	14	19.65165	0.4394511	1
-5	2	15	9.552596	0.5946403	1
-5	2	18	17.60528	0.5255201	1
-5	3	1	26.11699	0.5232884	1
-5	3	2	33.7165	0.5666817	0
-5	3	3	17.57717	0.6656325	0
-5	3	4	7.369983	0.6312839	1
-5	3	5	7.838565	0.3440476	1
-5	3	6	26.84443	0.5347134	1
-5	3	7	20.9518	0.6137416	1
-5	3	8	30.3831	0.4796642	1
-5	3	9	24.12597	0.4245791	1
-5	3	10	16.12196	0.3826181	1
-5	3	12	18.49343	0.4979737	1
-5	3	15	13.54114	0.4066894	1
-5	3	16	11.10318	0.6523955	1
-5	3	17	11.22655	0.7037768	0
-5	4	1	22.34939	0.4992778	0
-5	4	2	20.92607	0.5417094	1
-5	4	3	31.48379	0.6754128	1
-5	4	4	23.28275	0.5850038	0
-5	4	5	23.03283	0.4373639	1
-5	4	6	30.526	0.5533314	1
-5	4	9	19.47443	0.4257868	1
-5	4	10	21.83934	0.52571	0
-5	4	11	26.04999	0.4176313	1
-5	4	13	18.01248	0.4297974	1
-5	4	15	7.680811	0.6347945	1
-5	5	1	15.4102	0.471206	1
-5	5	2	18.52891	0.6791203	1
-5	5	3	25.59002	0.4691954	1
-5	5	5	8.644744	0.6571578	1
-5	5	6	9.65004	0.6849838	1
-5	5	7	15.61092	0.4282376	0
-5	5	8	28.59569	0.4825654	1
-5	5	9	28.29815	0.4782898	1
-5	5	10	30.05915	0.4562042	1
-5	5	12	9.308864	0.6247761	1
-5	5	13	19.51839	0.4548955	0
-5	5	14	9.275363	0.6897342	1
-5	6	1	23.98645	0.5458512	1
-5	6	2	11.19715	0.7368115	1
-5	6	3	43.28383	0.6524233	1
-5	6	4	10.60138	0.3253722	1
-5	6	5	9.706001	0.4115486	1
-5	6	6	9.556906	0.4877257	1
-5	6	7	13.96996	0.38172	1
-5	6	8	18.23323	0.5367438	0
-5	6	9	15.83641	0.4452285	1
-5	6	10	8.930553	0.369692	1
-5	6	11	23.64228	0.5790454	1
-5	6	13	12.02606	0.7936189	1
-5	7	1	23.76086	0.5527433	1
-5	7	2	8.958574	0.4595986	0
-5	7	6	16.45492	0.5357692	1
-5	7	8	11.42476	0.3851231	1
-5	7	9	31.35772	0.9107157	1
-5	7	12	14.13981	0.6753902	0
-5	8	1	11.18798	0.4192193	1
-5	8	3	8.415678	0.6277674	1
-5	8	6	14.8562	0.5702065	1
-5	8	7	24.11393	0.6308746	1
-5	8	8	21.98434	0.5074059	1
-5	8	9	10.82986	0.5487157	0
-5	8	11	10.99485	0.9165142	1
-5	9	4	7.10441	0.5501516	1
-5	9	5	10.52804	0.4843633	1
-5	9	7	12.95687	0.7797312	1
-4	0	1	144.788	4.868015	1
-4	0	2	14.5331	0.8138375	1
-4	0	3	30.568	1.051034	1
-4	0	4	26.1507	0.9128169	1
-4	0	5	8.784454	0.3006283	0
-4	0	7	71.83202	1.680176	1
-4	0	8	30.84128	0.7354723	1
-4	0	9	25.71301	0.6320464	1
-4	0	10	20.70572	0.6153893	1
-4	0	12	18.79431	0.6760718	1
-4	0	15	10.37436	0.5919337	1
-4	0	16	17.5034	0.7320513	1
-4	0	18	11.87647	0.6079305	1
-4	1	1	71.71949	1.180331	1
-4	1	2	40.1426	0.7189056	1
-4	1	3	40.73631	0.7292358	1
-4	1	4	16.07379	0.3511309	1
-4	1	5	33.22195	0.5635191	1
-4	1	6	23.35362	0.4759054	1
-4	1	7	39.09301	0.6572106	1
-4	1	8	14.95681	0.4075637	1
-4	1	9	29.94354	0.5084828	0
-4	1	10	27.29255	0.5480371	1
-4	1	11	13.06689	0.3446491	1
-4	1	12	8.171053	0.6286517	1
-4	1	14	16.47228	0.4456058	1
-4	1	15	11.56136	0.3839209	1
-4	1	16	21.53342	0.391378	1
-4	1	17	11.24311	0.5606766	1
-4	2	1	34.79847	0.5887465	1
-4	2	2	22.36305	0.5607675	1
-4	2	3	37.41541	0.628872	1
-4	2	4	43.8966	0.7321313	1
-4	2	5	53.9941	0.894067	1
-4	2	7	25.69429	0.5580012	1
-4	2	8	31.77083	0.5344427	1
-4	2	9	13.43491	0.5696079	1
-4	2	10	27.56488	0.4422222	1
-4	2	12	14.63387	0.628886	1
-4	2	14	14.0134	0.4310491	1
-4	2	15	21.39254	0.4531105	1
-4	2	16	13.52471	0.4009732	1
-4	2	17	8.072911	0.607772	1
-4	3	1	44.92701	0.7486324	1
-4	3	3	24.11067	0.5980871	1
-4	3	4	34.40396	0.5816327	1
-4	3	5	8.033712	0.3653745	1
-4	3	6	45.00247	0.7342804	1
-4	3	7	36.11085	0.6383038	1
-4	3	8	36.95358	0.6133265	1
-4	3	9	27.95478	0.4420165	1
-4	3	10	17.1083	0.5019054	0
-4	3	13	11.41971	0.5276073	1
-4	3	14	22.80614	0.4778411	1
-4	3	15	15.43026	0.8942103	1
-4	3	16	19.58269	0.4535535	1
-4	3	17	10.60377	0.9431097	1
-4	3	18	10.95798	0.671005	1
-4	4	1	15.60991	0.4247854	1
-4	4	2	23.38883	0.4295723	1
-4	4	3	8.238923	0.351019	1
-4	4	4	15.68252	0.4999368	1
-4	4	5	36.11747	0.5956623	1
-4	4	6	11.37435	0.6934628	1
-4	4	7	29.85016	0.534932	1
-4	4	8	21.79539	0.4541917	1
-4	4	9	28.05533	0.5083374	1
-4	4	10	12.25452	0.3637324	0
-4	4	11	31.4113	0.529061	1
-4	4	12	15.54443	0.324998	1
-4	4	14	15.52851	0.5266805	1
-4	4	15	10.5397	0.5151374	1
-4	5	2	18.7364	0.567818	1
-4	5	3	26.70338	0.572778	1
-4	5	4	9.023295	0.3735448	1
-4	5	5	8.855622	0.3643284	1
-4	5	7	29.57081	0.5800309	1
-4	5	8	20.67691	0.438589	1
-4	5	9	7.823534	0.5778508	1
-4	5	14	7.434232	0.6137337	1
-4	5	16	15.89707	0.8114274	1
-4	6	1	22.28334	0.5056326	1
-4	6	2	8.317072	0.3421954	1
-4	6	3	17.69554	0.5711563	1
-4	6	7	15.13275	0.572419	0
-4	6	8	22.84786	0.4617932	1
-4	6	9	11.57155	0.3074313	1
-4	6	10	21.10575	0.4219762	1
-4	6	11	23.66764	0.3401795	1
-4	6	12	8.736624	0.3119513	1
-4	6	13	19.18678	0.4716643	1
-4	6	15	17.7937	0.5445464	1
-4	7	1	13.52149	0.4550152	1
-4	7	5	7.208747	0.5179302	1
-4	7	6	9.871095	0.5887263	0
-4	7	7	13.22278	0.5084775	1
-4	7	8	9.994449	0.42246	1
-4	7	9	16.24924	0.5546961	1
-4	7	10	21.50323	0.5556972	0
-4	7	11	22.55281	0.7529426	1
-4	8	1	13.93463	0.5079204	1
-4	8	3	7.356433	0.5141761	1
-4	8	5	15.2332	0.6429371	1
-4	8	6	11.91439	0.6222815	1
-4	8	7	14.46458	0.5357071	1
-4	8	8	10.43248	0.7139292	1
-4	8	9	10.78032	0.457749	1
-4	8	10	19.31397	0.6204366	1
-4	8	11	18.99634	0.6364021	1
-4	9	2	14.30497	0.615844	1
-4	9	8	11.79041	0.3909213	1
-4	9	9	9.602222	0.409927	1
-4	10	1	20.23324	0.675461	1
-3	0	1	33.52483	0.7976277	1
-3	0	3	61.60186	1.435915	1
-3	0	4	87.46197	2.034077	0
-3	0	5	88.66077	2.062395	1
-3	0	8	43.50166	1.026472	1
-3	0	9	11.29424	0.3433108	1
-3	0	10	27.15013	0.658369	1
-3	0	12	50.30194	1.055399	1
-3	0	13	15.51406	0.5126649	0
-3	0	14	12.21064	0.4005108	1
-3	0	15	3.350387	1.275382	1
-3	0	16	20.8061	0.5862972	1
-3	0	17	12.10881	0.5203509	1
-3	0	18	17.19373	0.8600451	1
-3	1	1	26.89098	0.6491345	1
-3	1	2	16.84494	0.6043611	1
-3	1	3	38.64849	0.8134876	1
-3	1	4	15.42733	0.361119	1
-3	1	5	19.65777	0.4880862	1
-3	1	6	37.51628	0.6262646	1
-3	1	7	32.80405	0.5529148	0
-3	1	8	15.17393	0.4112429	1
-3	1	9	12.01303	0.3615239	1
-3	1	10	22.57821	0.4583669	1
-3	1	11	34.92161	0.5735667	1
-3	1	12	11.08243	0.433784	1
-3	1	13	37.3261	0.6595023	1
-3	1	14	8.044052	0.4837534	1
-3	1	15	15.00278	0.42244	1
-3	1	16	15.17115	0.4323833	1
-3	1	17	7.936442	0.6700105	1
-3	1	18	16.60053	0.7874022	1
-3	2	1	21.24216	0.6085761	1
-3	2	2	25.14429	0.8639916	1
-3	2	3	59.9262	1.05385	1
-3	2	4	27.97186	0.5988137	0
-3	2	5	25.82721	0.4713178	1
-3	2	6	36.29516	0.6071378	1
-3	2	7	10.55712	0.2789072	1
-3	2	8	44.11745	0.7191439	1
-3	2	9	25.79531	0.4411811	1
-3	2	10	14.09217	0.4700084	1
-3	2	11	11.02983	0.3388349	1
-3	2	12	48.29128	0.7234174	1
-3	2	13	15.38828	0.3554884	1
-3	2	14	10.91597	0.3351422	1
-3	2	15	19.47159	0.4164281	0
-3	2	16	19.76686	0.5136919	1
-3	2	17	19.64459	0.4950918	1
-3	2	18	9.671436	0.7948341	1
-3	3	1	14.12926	0.3845387	1
-3	3	2	9.989891	0.4103465	1
-3	3	3	22.16065	0.7646248	0
-3	3	4	38.73299	0.7437593	1
-3	3	5	8.818704	0.2882133	1
-3	3	6	72.40852	1.191693	1
-3	3	7	36.91446	0.6049985	1
-3	3	8	19.28156	0.5517501	1
-3	3	9	22.62216	0.458243	1
-3	3	10	15.39702	0.3369611	1
-3	3	11	14.11869	0.5518786	1
-3	3	12	13.65356	0.4772286	1
-3	3	13	11.44573	0.3533582	1
-3	3	14	19.11781	0.3986504	1
-3	3	15	11.70098	0.3593908	1
-3	3	16	9.68062	0.7206209	1
-3	3	18	12.5383	0.5044658	1
-3	4	1	40.57889	0.6745282	1
-3	4	2	48.94706	0.8081899	1
-3	4	3	68.40823	1.204919	1
-3	4	4	15.91987	0.5822904	1
-3	4	5	31.92683	0.561901	0
-3	4	6	21.52413	0.462569	1
-3	4	7	8.055052	0.590452	1
-3	4	8	37.33715	0.6136831	1
-3	4	9	23.64869	0.4707474	1
-3	4	10	11.93304	0.4643749	1
-3	4	11	8.023905	0.5367084	1
-3	4	12	25.74267	0.4771257	0
-3	4	13	34.35058	0.4783832	1
-3	4	14	16.56452	0.4645888	1
-3	4	15	7.596702	0.6347408	1
-3	4	16	13.61963	0.408053	1
-3	4	17	9.015384	0.8428186	1
-3	5	1	13.66925	0.3584005	1
-3	5	2	7.660778	0.3808918	1
-3	5	3	21.09253	0.7440906	0
-3	5	4	13.78706	0.3830734	1
-3	5	5	8.872592	0.6390928	1
-3	5	6	42.14209	0.6708024	1
-3	5	7	27.89654	0.4290472	1
-3	5	8	13.38503	0.4005338	1
-3	5	9	14.83887	0.3433103	1
-3	5	10	21.89003	0.4178517	1
-3	5	12	10.82884	0.5563974	1
-3	5	14	8.447787	0.6687752	1
-3	6	1	16.27217	0.5851248	1
-3	6	2	34.42794	1.060342	1
-3	6	5	41.83398	1.034467	0
-3	6	6	28.95816	0.9147808	1
-3	6	7	16.22796	0.878544	0
-3	6	9	16.35064	0.4522896	1
-3	6	10	9.375899	0.300528	1
-3	6	11	20.63651	0.3824223	1
-3	6	12	17.36923	0.307662	1
-3	6	13	10.4149	0.9565988	0
-3	6	14	9.162444	0.5055259	1
-3	6	15	11.21175	0.9163002	0
-3	7	1	23.45029	1.099524	1
-3	7	2	7.583626	0.412239	1
-3	7	3	7.366364	0.5355515	1
-3	7	4	10.98334	0.4500417	1
-3	7	6	11.2191	0.4041705	1
-3	7	7	15.65126	0.5110596	1
-3	7	9	16.14156	0.4238352	1
-3	7	10	15.01716	0.4966329	1
-3	7	11	9.904974	0.4681921	1
-3	7	13	15.01681	0.6696417	1
-3	8	2	15.07099	0.6807228	1
-3	8	3	35.25624	1.413951	0
-3	8	6	25.42974	0.4616947	1
-3	8	7	18.64455	0.5327013	1
-3	8	8	24.25201	0.5897979	1
-3	8	9	9.465548	0.4564966	1
-3	8	11	19.17992	0.7695616	1
-3	8	12	12.94086	0.5209997	1
-3	9	2	11.76977	0.5765729	1
-3	9	3	7.536975	0.3843004	1
-3	9	6	12.56155	0.4338655	1
-3	9	7	17.65095	0.598177	1
-3	9	10	12.37511	0.3773736	0
-3	10	4	15.3874	0.4492761	1
-2	0	1	49.78756	1.160474	1
-2	0	2	18.09655	0.4464804	1
-2	0	3	77.3094	2.553887	1
-2	0	5	5.802016	0.4226848	1
-2	0	6	16.79261	0.4254747	0
-2	0	7	24.34255	0.6802042	1
-2	0	8	75.17019	1.751057	1
-2	0	9	41.80523	0.9666521	1
-2	0	10	19.36424	0.5700315	1
-2	0	11	21.7562	0.6340569	1
-2	0	12	19.97317	0.666619	1
-2	0	13	21.64388	0.5932561	1
-2	0	14	23.27944	0.658214	1
-2	0	15	27.54463	0.5855045	1
-2	0	17	15.56157	0.5002847	1
-2	0	18	8.668031	0.7602113	1
-2	1	1	37.56027	0.7173469	1
-2	1	2	37.28158	0.7804131	1
-2	1	3	13.68714	0.2652445	1
-2	1	4	47.89661	0.7874426	1
-2	1	5	91.11791	2.455901	1
-2	1	6	48.00157	0.7904645	1
-2	1	7	39.38919	0.6985097	1
-2	1	8	13.0268	0.4120804	1
-2	1	9	24.80724	0.4224274	1
-2	1	10	23.43345	0.5096343	1
-2	1	11	2.072458	0.5852206	1
-2	1	12	28.21607	0.5098812	0
-2	1	13	12.36665	0.3969039	0
-2	1	14	24.49094	0.4094042	1
-2	1	16	8.853929	0.4026138	1
-2	1	17	9.286242	0.597029	1
-2	2	1	106.4848	3.556581	1
-2	2	2	62.10804	1.175861	1
-2	2	3	39.96207	0.7619213	1
-2	2	4	91.27331	1.729475	1
-2	2	5	29.25603	0.489146	1
-2	2	6	28.27509	0.4756208	1
-2	2	7	53.61869	0.8829344	1
-2	2	8	25.08005	0.4597269	1
-2	2	9	21.74983	0.4050309	0
-2	2	10	3.240538	1.191754	1
-2	2	11	10.06993	0.3526949	1
-2	2	12	28.75439	0.5652562	1
-2	2	13	18.9494	0.5662189	1
-2	2	14	22.91201	0.4775114	0
-2	2	15	16.38464	0.7427759	0
-2	2	16	11.61401	0.4537296	1
-2	2	17	12.28891	0.4575516	1
-2	3	1	41.76147	0.7950546	1
-2	3	2	17.50802	0.3903286	1
-2	3	3	34.42836	0.6601749	1
-2	3	4	59.59408	0.9771581	1
-2	3	5	40.08794	0.7633262	1
-2	3	6	42.15138	0.6969596	1
-2	3	7	30.82424	0.5545788	1
-2	3	8	11.71694	0.3860348	1
-2	3	10	21.28524	0.3768201	1
-2	3	11	24.76126	0.4198209	1
-2	3	12	21.48734	0.4297265	1
-2	3	13	13.71872	0.3465101	1
-2	3	14	40.90294	0.586818	1
-2	3	15	12.89637	0.3966163	1
-2	3	16	10.54246	0.4805986	1
-2	3	18	13.56392	0.6790125	1
-2	4	1	26.95373	0.6441432	1
-2	4	2	20.9102	0.7247924	1
-2	4	3	32.54122	1.095915	1
-2	4	4	18.22188	0.3689811	1
-2	4	5	23.9001	0.5154198	1
-2	4	6	10.46457	0.255756	1
-2	4	7	33.477	0.5484486	0
-2	4	8	29.96295	0.4974777	1
-2	4	9	25.07427	0.4557316	1
-2	4	10	19.99476	0.3890688	1
-2	4	11	18.70412	0.4145188	1
-2	4	12	14.06817	0.3867337	1
-2	4	13	6.284956	0.4599265	1
-2	4	14	29.31213	0.4914965	1
-2	4	15	6.781777	0.5759076	1
-2	4	16	11.39455	0.4613526	1
-2	5	3	17.96975	0.5165642	1
-2	5	5	31.90915	1.063472	1
-2	5	6	9.269877	0.5693489	1
-2	5	7	23.54436	0.5328653	1
-2	5	8	11.66472	0.4137262	1
-2	5	9	25.82055	0.4320228	1
-2	5	10	3.039669	0.7525485	1
-2	5	11	24.60701	0.4293874	1
-2	5	12	34.23822	0.4630522	1
-2	5	13	10.87088	0.3647024	1
-2	5	14	28.18704	0.4913753	1
-2	5	15	9.85397	0.4497229	1
-2	6	1	17.97587	0.5175683	1
-2	6	2	26.52411	1.260024	1
-2	6	3	10.60857	0.3933202	1
-2	6	4	31.98847	0.9686671	1
-2	6	5	18.21931	0.6090918	1
-2	6	6	12.41916	0.4737	1
-2	6	7	12.7614	0.4237292	1
-2	6	8	19.99915	0.4662305	1
-2	6	9	9.386977	0.4813809	1
-2	6	10	36.30254	0.6268849	1
-2	6	11	32.1242	0.3848423	1
-2	6	12	12.20801	0.4779514	1
-2	7	1	31.07278	0.9557533	1
-2	7	3	13.61973	0.7578188	1
-2	7	4	17.96457	0.5882136	1
-2	7	5	5.326955	0.4301208	1
-2	7	7	15.67886	0.7487473	1
-2	7	8	15.2878	0.4428937	1
-2	7	9	10.90787	0.7193146	1
-2	7	10	10.69532	0.4506561	0
-2	7	12	12.90549	0.3626892	1
-2	7	13	10.71628	0.5533695	0
-2	7	14	17.80834	0.6517541	1
-2	8	1	16.48012	0.6973333	0
-2	8	2	22.24149	0.6384195	1
-2	8	3	20.13722	0.599366	1
-2	8	4	31.9499	0.8742728	1
-2	8	5	14.61896	0.3965388	1
-2	8	7	12.32897	0.733169	0
-2	8	9	8.777532	0.4617031	1
-2	8	10	13.43118	0.4699498	1
-2	8	11	19.44308	0.7788383	1
-2	8	13	10.8843	0.4711628	1
-2	9	3	10.03547	0.4850959	0
-2	9	4	12.58669	0.4662523	1
-2	9	5	8.952113	0.4635707	1
-2	10	1	12.43121	0.5429714	1
-2	10	2	24.09261	0.8459351	1
-2	10	3	15.0359	0.5773868	1
-2	10	4	35.07521	0.7154469	1
-2	10	7	14.58704	0.4470251	1
-1	0	1	20.13256	0.5527318	1
-1	0	3	12.69743	0.3164512	1
-1	0	4	25.42254	0.6931859	0
-1	0	5	56.30538	1.307952	1
-1	0	6	9.71836	0.5551644	1
-1	0	7	12.64697	0.6895131	1
-1	0	8	56.93304	1.331988	1
-1	0	9	55.41168	1.276634	1
-1	0	10	51.81446	1.203782	1
-1	0	11	46.13596	1.07321	1
-1	0	12	7.47511	0.4367798	1
-1	0	17	22.85999	0.5195778	1
-1	1	1	9.936301	0.2577935	1
-1	1	2	52.13692	0.9851852	1
-1	1	3	21.271	0.5023581	1
-1	1	4	54.8931	0.9608992	1
-1	1	5	77.99581	1.365068	1
-1	1	6	25.686	0.4319735	1
-1	1	7	28.98035	0.4874887	1
-1	1	8	39.19694	0.6512414	1
-1	1	9	3.976416	0.2640949	0
-1	1	10	19.23952	0.3441025	1
-1	1	11	18.07053	0.3568209	1
-1	1	12	25.77078	0.450765	1
-1	1	13	2.192603	0.7369101	1
-1	1	14	34.41482	0.5633963	1
-1	1	15	8.732195	0.6593498	1
-1	1	17	10.61543	0.4218058	0
-1	2	1	49.43944	1.627299	1
-1	2	2	91.02629	4.346035	1
-1	2	3	31.93122	0.5258738	1
-1	2	4	35.18347	0.579337	1
-1	2	5	59.73408	1.04606	1
-1	2	6	27.0833	0.4534226	1
-1	2	7	29.39486	0.4935146	1
-1	2	8	16.68999	0.3353152	1
-1	2	9	34.10744	0.5605525	0
-1	2	10	19.19934	0.4081025	1
-1	2	11	28.85441	0.4538246	1
-1	2	12	31.44447	0.5366786	1
-1	2	13	10.71542	0.3064162	1
-1	2	16	9.041764	0.4415703	1
-1	2	17	12.90999	0.7364554	1
-1	3	1	45.80165	2.149623	1
-1	3	2	54.10578	1.452731	1
-1	3	3	29.35754	0.7986055	1
-1	3	4	22.93527	0.4865393	1
-1	3	6	14.91354	0.5256504	1
-1	3	7	17.6337	0.4022162	1
-1	3	8	33.76589	0.5918449	1
-1	3	9	18.43829	0.3512198	1
-1	3	10	15.6787	0.3225384	1
-1	3	11	10.33115	0.2515822	1
-1	3	12	1.926589	0.8255365	1
-1	3	13	11.18044	0.5044324	0
-1	3	14	9.771995	0.3999739	1
-1	3	15	12.37588	0.4415887	0
-1	4	1	30.34002	1.017336	1
-1	4	3	32.47451	1.085352	1
-1	4	4	18.00446	0.6370115	1
-1	4	5	33.36118	0.6387885	1
-1	4	6	27.66385	0.4850742	1
-1	4	7	24.71494	0.4131355	1
-1	4	8	9.468186	0.3053218	0
-1	4	9	41.89711	0.6672844	1
-1	4	10	19.90617	0.4288302	1
-1	4	11	6.903113	0.2937624	1
-1	4	12	16.24898	0.3283467	1
-1	4	13	31.30777	0.4718176	1
-1	4	14	10.45938	0.421834	0
-1	4	16	9.492574	0.4728522	0
-1	5	3	23.69246	0.7861321	1
-1	5	4	31.40676	1.030497	1
-1	5	5	9.177076	0.5088968	1
-1	5	7	4.865868	0.3680219	1
-1	5	8	8.332693	0.1966435	1
-1	5	9	9.171469	0.2216156	1
-1	5	10	10.55401	0.45633	1
-1	5	11	8.319391	0.2784281	1
-1	5	12	13.94479	0.3253518	1
-1	5	13	18.71423	0.4287067	1
-1	5	14	17.04101	0.5048816	1
-1	5	15	17.77933	0.4524712	1
-1	6	1	11.47738	0.6479387	1
-1	6	2	48.37489	1.114038	1
-1	6	4	13.99288	0.4680782	1
-1	6	6	12.8006	0.6189848	1
-1	6	7	23.00185	0.461048	1
-1	6	8	16.52721	0.4496329	1
-1	6	9	26.51592	0.4819452	1
-1	6	10	15.54504	0.3055531	1
-1	6	11	12.00159	0.2926003	1
-1	6	12	18.88802	0.3249991	1
-1	6	13	20.75449	0.4297027	1
-1	7	2	15.94592	0.5320213	1
-1	7	3	21.70145	0.5561579	1
-1	7	5	22.28311	1.051917	0
-1	7	10	8.316691	0.7767547	1
-1	7	11	18.61492	0.3305324	1
-1	7	12	23.92622	0.3771889	1
-1	7	13	14.11593	0.703617	1
-1	8	5	11.42937	0.6917621	1
-1	8	6	13.48154	0.6996598	1
-1	8	7	14.03526	0.5486928	0
-1	8	8	11.2369	0.7404716	1
-1	8	10	22.15611	0.6006827	1
-1	8	11	15.72294	0.6314052	1
-1	8	12	8.697607	0.6833806	1
-1	9	1	4.911558	0.3027019	1
-1	9	2	4.565679	0.3309455	1
-1	9	3	7.270576	0.3921079	1
-1	9	4	14.41527	0.46685	1
-1	9	5	9.716256	0.4752506	1
-1	9	6	9.500671	0.4557358	1
-1	9	10	9.347445	0.4260154	1
-1	10	1	7.682254	0.2990387	1
-1	10	2	22.34495	0.46749	1
-1	10	3	14.44833	0.4302845	0
-1	10	5	13.92452	0.5547289	1
-1	10	6	9.517477	0.49175	1
0	0	2	31.03157	0.7205325	0
0	0	3	27.26457	0.6376513	1
0	0	4	27.94865	0.6555406	1
0	0	5	13.04306	0.330551	0
0	0	6	69.36481	1.610589	1
0	0	7	30.18949	0.8258635	1
0	0	8	5.955089	0.3925719	1
0	0	9	10.36371	0.3707996	1
0	0	10	44.78463	1.036095	1
0	0	11	8.061602	0.3398569	1
0	0	12	21.22791	0.5150239	1
0	0	13	15.12387	0.4950743	1
0	0	14	18.59557	0.6549781	0
0	0	17	12.83527	0.4604472	1
0	1	1	21.60519	0.5012356	1
0	1	2	18.10894	0.3473445	0
0	1	3	13.7138	0.2503514	1
0	1	4	42.79224	0.705663	1
0	1	5	40.19717	0.6666852	1
0	1	6	18.73223	0.3583214	1
0	1	7	57.56269	0.9461514	1
0	1	8	14.94201	0.3183764	1
0	1	9	36.38407	0.5947855	0
0	1	10	20.87457	0.370257	1
0	1	11	17.38898	0.357464	1
0	1	12	15.79947	0.3203298	0
0	1	13	20.97654	0.3926276	1
0	1	14	19.78633	0.3420252	1
0	1	15	13.18263	0.299675	1
0	1	16	9.427441	0.4119153	1
0	2	1	28.6758	0.5950497	1
0	2	2	43.55999	0.7619975	0
0	2	3	65.83601	1.243457	1
0	2	4	31.4033	0.5179271	1
0	2	5	15.45761	0.2768286	0
0	2	6	50.05652	0.8226311	1
0	2	7	21.18637	0.3964233	1
0	2	8	10.39772	0.2584509	1
0	2	9	25.81141	0.4343592	1
0	2	10	19.22127	0.3945658	1
0	2	11	20.8443	0.3696446	0
0	2	12	12.61825	0.2978094	0
0	2	13	18.33628	0.3919524	1
0	2	14	22.44093	0.4703562	1
0	2	17	9.546553	0.5841013	0
0	3	1	26.82707	0.7245077	1
0	3	2	33.70749	0.6395743	1
0	3	3	22.92183	0.4096808	1
0	3	4	9.513034	0.3675525	1
0	3	5	44.44233	0.7310316	1
0	3	6	31.64017	0.526816	1
0	3	7	28.31602	0.464914	1
0	3	8	12.1825	0.2846415	0
0	3	9	13.95884	0.2840644	1
0	3	10	52.11833	0.8249912	1
0	3	11	4.821081	0.430658	1
0	3	12	29.81023	0.4984768	0
0	3	13	11.79295	0.3983475	1
0	3	14	13.35678	0.3569475	0
0	3	15	17.89306	0.3983489	1
0	3	16	10.48068	0.4174896	0
0	4	0	64.57282	1.72627	1
0	4	1	46.50114	0.9640724	1
0	4	2	32.805	0.8851318	1
0	4	3	58.77179	0.9622989	1
0	4	4	21.14468	0.4518916	1
0	4	5	15.8976	0.3260275	1
0	4	6	17.27825	0.3766081	1
0	4	7	21.57089	0.3888862	1
0	4	8	20.17556	0.3754224	0
0	4	9	4.558797	0.3222518	1
0	4	10	10.58552	0.2624476	1
0	4	11	2.37975	1.025987	0
0	4	13	15.73748	0.3028501	1
0	4	14	13.42894	0.3980936	1
0	4	17	16.62847	0.8432068	1
0	5	1	29.27376	1.364722	1
0	5	2	17.51392	0.5903333	1
0	5	4	5.839454	0.4714797	0
0	5	5	27.47293	0.5704505	1
0	5	6	10.48992	0.3116251	1
0	5	7	16.52665	0.4408971	1
0	5	8	18.48655	0.3759874	0
0	5	9	17.13627	0.3410043	1
0	5	10	40.03603	0.6427206	1
0	5	11	20.01573	0.3168564	1
0	5	12	22.93847	0.387098	1
0	5	13	2.646785	1.007455	1
0	5	14	9.467218	0.8224428	1
0	5	15	21.17846	0.5213268	0
0	6	0	54.76976	1.776482	0
0	6	1	12.29759	0.434905	0
0	6	2	40.44717	0.9262672	1
0	6	4	6.325673	0.3783347	1
0	6	5	11.39072	0.346674	1
0	6	6	19.59987	0.4365438	1
0	6	7	30.4841	0.5334668	1
0	6	8	10.289	0.434204	1
0	6	9	30.67628	0.5014278	1
0	6	10	18.20255	0.3665797	1
0	6	11	12.76202	0.3348036	1
0	6	12	14.68249	0.4724401	1
0	6	13	10.64037	0.5525749	1
0	7	1	19.14458	0.480455	1
0	7	2	13.05987	0.4551271	1
0	7	3	24.57016	0.7379199	1
0	7	4	12.85937	0.3160802	1
0	7	5	18.50264	0.5933232	1
0	7	6	13.90909	0.3996513	1
0	7	7	28.38063	0.4921804	1
0	7	8	9.23092	0.2594539	1
0	7	9	28.89788	0.4071028	1
0	7	10	39.60316	0.4837245	1
0	7	11	14.55836	0.4493882	1
0	7	12	16.83923	0.3453287	1
0	8	0	37.59746	0.9819963	1
0	8	1	5.66117	0.3540178	1
0	8	2	17.36095	0.7214181	0
0	8	3	26.48021	0.7204968	1
0	8	4	10.3022	0.3342176	1
0	8	5	7.735121	0.2839337	1
0	8	6	12.95686	0.2961457	1
0	8	7	9.758768	0.3017793	1
0	8	8	16.02511	0.6749371	1
0	8	9	25.33621	0.4574294	1
0	8	10	26.0031	0.4132514	1
0	8	12	10.0657	0.6180142	1
0	9	2	10.25647	0.4052083	1
0	9	3	14.8158	0.431284	1
0	9	4	16.07793	0.6686999	1
0	9	5	5.328863	0.4959462	1
0	9	7	3.000974	0.7293839	1
0	9	9	13.45694	0.4048321	1
0	9	10	10.53663	0.4344662	1
0	10	3	19.64323	0.5310426	1
0	10	6	10.22583	0.4498522	1
1	0	0	17.34416	0.5915675	1
1	0	1	22.32448	0.6094921	1
1	0	2	24.565	0.6700465	1
1	0	3	17.54745	0.4236499	0
1	0	4	55.98303	1.300117	1
1	0	5	32.78967	0.770795	1
1	0	6	9.062255	0.3290151	1
1	0	7	1.988387	0.6246552	1
1	0	8	39.34983	0.9229869	1
1	0	9	13.58586	0.390216	1
1	0	10	32.90146	0.7735469	1
1	0	11	12.76921	0.4048974	1
1	0	12	8.871422	0.472344	1
1	0	14	21.1289	0.5696205	1
1	0	15	8.824868	0.5889552	1
1	0	16	9.054061	0.8280713	1
1	0	17	16.65983	1.032071	1
1	1	0	30.17595	0.5310862	1
1	1	1	33.38626	0.6336698	1
1	1	2	91.42422	4.362396	1
1	1	3	34.16957	0.5628251	1
1	1	4	28.93131	0.4843452	1
1	1	5	53.03132	0.872844	1
1	1	6	50.57567	0.8343704	1
1	1	7	16.85946	0.3325258	1
1	1	8	35.92996	0.5896298	0
1	1	9	16.54799	0.3633625	1
1	1	10	19.96225	0.4164273	1
1	1	11	10.56473	0.3270763	1
1	1	12	23.68741	0.3828062	1
1	1	13	25.41982	0.4229303	1
1	1	14	11.27308	0.4689086	1
1	1	17	12.12065	0.4608098	1
1	2	0	15.5516	0.3737301	1
1	2	1	30.23345	0.5341361	1
1	2	2	41.85146	0.686957	1
1	2	3	54.10913	0.8879179	1
1	2	4	57.62788	0.9457301	1
1	2	5	22.21536	0.3851201	1
1	2	6	17.19654	0.3054131	1
1	2	7	47.09798	0.7810025	1
1	2	8	52.67042	0.989673	0
1	2	9	9.527571	0.2609682	1
1	2	10	12.50791	0.2922477	1
1	2	11	17.64376	0.3345546	1
1	2	12	15.35627	0.3769478	1
1	2	13	9.866249	0.3369043	1
1	2	14	17.79669	0.4238817	1
1	2	17	13.67271	0.5873132	1
1	3	0	51.19497	1.061326	1
1	3	1	32.54312	0.680301	1
1	3	2	5.505443	0.2592204	1
1	3	3	16.39209	0.370582	1
1	3	4	50.90059	0.8393702	1
1	3	5	26.73716	0.4979227	1
1	3	6	16.42954	0.3376029	1
1	3	7	7.790882	0.276004	1
1	3	8	36.76974	0.6032978	1
1	3	9	17.05295	0.3707031	1
1	3	10	1.968439	0.7679416	1
1	3	11	17.03604	0.3863707	1
1	3	12	15.55221	0.3674296	0
1	3	13	26.61844	0.3934909	1
1	3	14	14.12226	0.3325406	0
1	3	15	16.81661	0.4011846	0
1	3	16	16.95391	0.4711127	0
1	4	0	9.831491	0.3076374	1
1	4	1	64.17692	1.332533	1
1	4	2	8.014935	0.3148431	1
1	4	3	47.61898	0.8364522	1
1	4	4	18.55029	0.4122398	1
1	4	5	33.75192	0.5542064	1
1	4	6	32.04262	0.5307304	1
1	4	7	23.61507	0.4340068	0
1	4	8	26.65668	0.4763966	1
1	4	9	15.48616	0.299082	1
1	4	10	15.45672	0.305683	1
1	4	11	12.20069	0.3458042	1
1	4	12	13.86363	0.2913276	1
1	4	13	15.73032	0.45867	0
1	4	15	12.42437	0.6919746	0
1	5	2	16.51061	0.3980753	1
1	5	3	12.15383	0.4249904	1
1	5	4	12.52685	0.4527935	1
1	5	5	16.03362	0.3614474	1
1	5	6	21.07193	0.3508992	1
1	5	7	11.87022	0.2612827	1
1	5	8	13.73974	0.2934362	1
1	5	9	19.96577	0.3509749	1
1	5	10	9.656076	0.2708766	1
1	5	11	9.102485	0.4018464	1
1	5	12	7.358405	0.6113871	1
1	5	13	8.662074	0.4291573	1
1	5	15	11.58298	0.4540754	0
1	6	1	21.61979	0.7277166	1
1	6	2	12.39264	0.4397101	1
1	6	3	22.2298	0.4873722	1
1	6	4	36.86356	0.6339455	1
1	6	5	31.87143	0.4864013	1
1	6	6	11.0414	0.274844	1
1	6	7	17.54575	0.3106128	1
1	6	8	23.11829	0.3892842	1
1	6	9	9.756405	0.3040378	1
1	6	10	17.20588	0.3099773	1
1	6	11	14.19199	0.2851988	1
1	6	12	18.13012	0.4008227	1
1	6	13	13.38446	0.3914541	1
1	6	14	9.555034	0.8163612	1
1	7	0	25.3932	1.087803	1
1	7	1	22.97426	0.5773759	1
1	7	2	16.62568	0.3701364	1
1	7	3	8.082724	0.4385403	1
1	7	4	3.379063	0.3531701	0
1	7	5	15.69722	0.4153641	1
1	7	6	8.949845	0.612991	1
1	7	7	6.944153	0.2919328	1
1	7	8	28.40318	0.4125591	0
1	7	9	18.73459	0.3496359	1
1	7	10	6.375889	0.5986123	1
1	7	12	9.431313	0.4269572	1
1	7	13	10.37415	0.8621066	1
1	8	0	13.50316	0.4177278	1
1	8	2	19.04067	0.5421687	1
1	8	3	16.63807	0.4805796	0
1	8	5	11.90135	0.3363723	1
1	8	6	27.36384	0.4527268	0
1	8	7	31.33189	0.5934315	1
1	8	8	24.51499	0.4076531	1
1	8	9	4.70091	0.6523024	1
1	8	10	10.7357	0.3653183	1
1	8	11	23.002	0.3457527	1
1	9	0	5.927806	0.304472	1
1	9	1	5.684339	0.2849786	1
1	9	4	22.95991	0.6421205	1
1	9	5	19.43658	0.5716072	1
1	9	7	10.97878	0.4386476	1
1	9	8	11.50011	0.3810103	1
2	0	0	41.64476	0.974712	1
2	0	2	15.81025	0.5620366	1
2	0	3	63.06744	1.466365	1
2	0	4	56.30668	1.311611	0
2	0	6	13.46966	0.3650381	1
2	0	7	67.52675	1.579287	1
2	0	8	27.16166	0.967849	1
2	0	9	7.723385	0.5151982	1
2	0	10	23.3922	0.5150389	1
2	0	11	6.285354	0.3849324	1
2	0	14	33.72462	0.8745363	1
2	1	0	72.50558	1.270024	1
2	1	1	69.1783	1.132986	1
2	1	2	58.36794	1.023357	1
2	1	3	71.34412	1.168939	1
2	1	4	23.35916	0.4260189	1
2	1	5	11.94395	0.3249978	1
2	1	6	77.40131	1.271422	1
2	1	7	20.85884	0.3923096	1
2	1	8	34.04703	0.5646701	1
2	1	9	12.59749	0.368297	1
2	1	10	25.56879	0.4104477	0
2	1	11	24.56716	0.4358293	0
2	1	12	24.14789	0.4322733	1
2	1	13	31.50779	0.6509934	1
2	1	14	12.78749	0.3594489	1
2	1	15	17.03934	0.5681842	1
2	1	16	16.90407	0.4229119	1
2	2	0	52.89504	0.9286269	1
2	2	1	64.53115	1.057416	1
2	2	2	5.045321	0.2632701	1
2	2	3	27.16169	0.487634	1
2	2	4	31.81258	0.5314057	1
2	2	5	49.81002	0.8212644	1
2	2	6	34.68926	0.5785089	1
2	2	7	16.23429	0.289315	0
2	2	8	6.823388	0.2697144	1
2	2	9	11.20789	0.2591444	1
2	2	10	14.95221	0.2992073	1
2	2	11	22.44391	0.4031352	1
2	2	12	13.04509	0.2921519	0
2	2	13	12.86836	0.3472757	0
2	2	14	24.10143	0.4599893	1
2	2	15	9.344299	0.8757225	1
2	2	16	9.076506	0.8020579	1
2	3	0	53.3034	0.8751049	1
2	3	1	30.43192	0.5430322	1
2	3	2	28.39479	0.4764327	1
2	3	3	44.74812	0.7382669	1
2	3	4	37.29844	0.662707	1
2	3	5	46.10036	0.7637326	1
2	3	6	38.23561	0.6223978	1
2	3	7	8.01391	0.3596724	1
2	3	8	10.93082	0.3608842	1
2	3	9	34.86805	0.5351599	1
2	3	10	15.87747	0.3490402	1
2	3	11	9.548814	0.3538445	1
2	3	12	15.55073	0.3428075	1
2	3	13	26.14426	0.4168858	1
2	3	14	10.92865	0.3720371	1
2	3	15	9.9795	0.4793592	1
2	4	0	14.73186	0.3763306	1
2	4	1	11.78264	0.2754357	1
2	4	2	19.17534	0.4178008	1
2	4	3	15.35903	0.3971384	1
2	4	4	31.28617	0.5146108	1
2	4	5	31.74405	0.5240606	0
2	4	6	28.87484	0.4820017	1
2	4	7	17.0283	0.317342	1
2	4	8	15.18634	0.400888	1
2	4	9	19.23985	0.3467577	1
2	4	10	10.69331	0.302112	1
2	4	12	10.23894	0.4813785	1
2	4	13	18.56764	0.3616847	1
2	4	14	20.45805	0.3741157	1
2	4	15	17.02419	0.4928754	1
2	4	16	15.87985	0.5491431	1
2	5	1	13.56335	0.401161	1
2	5	2	22.60496	0.4826473	0
2	5	3	14.86986	0.3062969	1
2	5	4	9.305556	0.3742593	1
2	5	5	1.951807	0.4891761	1
2	5	6	10.3649	0.2347562	1
2	5	7	9.636243	0.3346439	1
2	5	8	28.05007	0.4337391	1
2	5	9	11.29976	0.3453737	1
2	5	10	16.75806	0.3023677	1
2	5	11	24.87453	0.419382	1
2	5	14	11.0642	0.5614288	1
2	5	15	15.69363	0.5224768	1
2	6	0	23.35747	1.149366	1
2	6	1	14.58402	0.5148816	1
2	6	3	21.99097	0.397862	1
2	6	4	31.77662	0.5519034	1
2	6	5	27.52903	0.4548111	1
2	6	6	26.02367	0.4305624	1
2	6	7	4.840926	0.7407447	1
2	6	8	9.031277	0.3284173	1
2	6	9	10.28903	0.3722585	1
2	6	10	2.859223	0.8021748	1
2	6	13	8.990665	0.6971076	1
2	7	0	24.07294	1.064691	1
2	7	3	16.24397	0.7546798	1
2	7	4	17.39238	0.8057479	1
2	7	5	16.16931	0.3271128	1
2	7	6	30.20164	0.4699019	1
2	7	7	6.691576	0.3258182	1
2	7	8	24.70358	0.3781292	0
2	7	9	11.58033	0.4173638	1
2	7	10	9.246307	0.3247401	1
2	7	11	13.08174	0.3925617	0
2	7	12	16.47844	0.3956181	1
2	8	0	15.82183	0.4724634	1
2	8	2	19.77955	0.3577048	1
2	8	3	19.01411	0.3913263	1
2	8	4	33.27391	0.4790521	1
2	8	5	28.18015	0.3851056	0
2	8	6	17.87567	0.3543235	1
2	8	7	14.8884	0.275018	1
2	8	8	7.748751	0.4208057	1
2	9	2	11.34047	0.3882175	1
2	9	3	27.14918	0.6036587	1
2	9	4	10.63586	0.4560296	1
2	9	5	15.89548	0.4175685	1
2	9	6	15.18948	0.3522409	1
2	9	7	7.338277	0.3478339	1
2	9	8	11.92742	0.437125	1
3	0	0	40.68979	0.9594597	1
3	0	1	52.89781	1.23689	0
3	0	2	7.629576	0.309559	1
3	0	5	6.182779	0.5598724	1
3	0	6	33.00246	0.8960528	1
3	0	7	7.240026	0.3878967	1
3	0	8	28.62857	0.976737	1
3	0	9	29.81051	0.7690562	1
3	0	10	7.626603	0.4351709	0
3	0	11	5.183827	1.161574	1
3	0	12	20.00452	0.561406	1
3	0	13	21.17859	0.4774382	1
3	0	15	17.49238	0.6529991	1
3	1	1	30.14784	0.5443445	1
3	1	2	35.32578	0.63162	1
3	1	3	29.16835	0.5284268	1
3	1	4	60.57888	1.066772	0
3	1	5	14.92814	0.2830253	1
3	1	6	11.28499	0.2938693	1
3	1	7	9.565889	0.3186322	1
3	1	8	7.760866	0.4688627	1
3	1	9	5.900752	0.503283	1
3	1	10	12.94323	0.3811831	1
3	1	11	8.640808	0.669427	1
3	1	13	31.10427	0.4312197	1
3	1	14	20.91277	0.4085073	1
3	2	0	6.599192	0.2757232	1
3	2	1	33.90924	0.6073328	0
3	2	2	14.12359	0.3109717	1
3	2	3	30.47264	0.551795	1
3	2	4	81.39576	1.338842	1
3	2	5	42.7498	0.6971717	1
3	2	6	16.50857	0.3235124	1
3	2	7	31.61222	0.5700915	1
3	2	8	26.80862	0.4284493	1
3	2	9	8.295497	0.3114866	1
3	2	10	5.485258	0.3848192	1
3	2	11	9.709503	0.5192012	1
3	2	12	18.69457	0.3148938	0
3	2	13	23.65984	0.3858466	1
3	2	14	13.6495	0.4772842	1
3	2	15	20.08558	0.4591727	1
3	3	0	37.15123	0.6198078	0
3	3	1	41.75007	0.6933002	1
3	3	2	22.5834	0.3927155	1
3	3	3	44.34496	0.736208	1
3	3	4	56.79483	0.9184104	1
3	3	5	37.62151	0.6181465	1
3	3	6	22.71663	0.3948562	1
3	3	7	27.53191	0.4311079	1
3	3	8	25.89119	0.4385929	1
3	3	9	7.592576	0.3721233	1
3	3	10	7.09815	1.006977	1
3	3	11	17.18737	0.361001	1
3	3	12	23.20511	0.3549161	1
3	3	13	18.54593	0.3745896	1
3	3	14	14.63522	0.4343899	1
3	3	15	11.62935	1.010419	1
3	4	0	31.20395	0.7414097	1
3	4	1	35.80381	0.5868178	1
3	4	2	21.95691	0.4057954	0
3	4	3	10.1133	0.3631627	1
3	4	5	31.71978	0.5667375	1
3	4	6	7.669893	0.3587953	1
3	4	7	19.47304	0.3743572	1
3	4	8	9.843448	0.3551306	1
3	4	9	22.73728	0.3718473	0
3	4	10	9.125916	0.3238271	1
3	4	11	12.22138	0.2999673	1
3	4	12	19.91853	0.3527802	1
3	4	13	12.94829	0.4902335	1
3	4	14	10.06446	0.4080781	1
3	4	15	15.99105	0.546036	1
3	5	0	25.47716	0.5984889	0
3	5	1	24.66289	0.4460034	1
3	5	2	8.601031	0.297362	1
3	5	3	21.90641	0.4050671	1
3	5	4	25.08152	0.3943811	1
3	5	5	17.24309	0.2974846	1
3	5	6	28.58588	0.5149109	1
3	5	7	6.56351	0.3679093	1
3	5	8	2.472909	0.9136345	1
3	5	9	15.6478	0.558274	1
3	5	10	12.10091	0.3291254	1
3	5	11	12.27983	0.5131854	1
3	5	12	10.98712	0.377321	0
3	5	13	10.22563	0.5659453	0
3	5	14	10.90819	1.032255	1
3	6	0	23.71363	0.5864002	1
3	6	1	25.60531	0.4559878	1
3	6	2	5.320131	0.4868957	0
3	6	3	18.1486	0.3946729	1
3	6	4	26.05608	0.4731233	0
3	6	5	11.23131	0.2951154	1
3	6	6	14.91761	0.3060661	1
3	6	7	8.322545	0.4398515	1
3	6	8	8.556348	0.3643743	1
3	6	9	14.53095	0.2747773	1
3	6	11	14.12459	0.4367756	1
3	6	12	10.89079	0.3687014	0
3	7	1	17.73591	0.4688374	1
3	7	2	17.91387	0.8948563	0
3	7	4	29.98817	0.4380306	1
3	7	5	8.553632	0.5573924	1
3	7	6	34.72682	0.431402	1
3	7	7	7.868202	0.3728836	1
3	7	8	13.87629	0.3741686	1
3	7	9	8.081675	0.5809543	0
3	7	10	17.00893	0.3122768	1
3	8	0	12.75313	0.6251267	0
3	8	2	18.47316	0.5114563	1
3	8	3	24.17573	0.6081803	1
3	8	4	38.62317	0.6215279	1
3	8	5	15.63133	0.4285174	1
3	8	6	7.876406	0.563343	1
3	8	9	10.47695	0.3853964	1
3	8	10	8.626272	0.7765688	1
3	9	0	9.196952	0.5386229	1
3	9	3	21.55345	0.5545635	1
3	9	4	9.697948	0.5408956	1
3	9	5	15.91803	0.5357096	1
3	9	7	12.30092	0.3830239	0
3	10	0	12.94134	0.5643987	1
4	0	0	59.10728	1.384847	1
4	0	1	7.567553	0.6199737	0
4	0	2	28.65801	0.7003374	1
4	0	3	9.966328	0.3268731	1
4	0	5	30.24725	1.034286	1
4	0	6	35.40376	0.8404592	1
4	0	8	33.24856	0.7350123	1
4	0	10	15.8159	0.6795421	0
4	0	11	23.56907	0.5377533	1
4	0	12	3.175773	1.157492	1
4	0	13	17.40086	0.5147609	1
4	1	0	30.15996	0.5526896	1
4	1	1	19.56854	0.4151056	1
4	1	2	58.96907	0.974635	1
4	1	3	18.54096	0.4012231	1
4	1	4	11.51047	0.321797	1
4	1	5	18.95325	0.3468721	0
4	1	6	15.44648	0.5892483	1
4	1	7	18.36503	0.4042308	1
4	1	8	35.00458	0.5784646	1
4	1	9	23.48405	0.4208883	1
4	1	10	23.56798	0.3990482	1
4	1	11	17.65611	0.3499928	1
4	1	12	31.88293	0.4334494	1
4	1	14	15.37962	0.4567946	1
4	2	0	12.53594	0.4242669	1
4	2	1	24.55291	0.4595135	1
4	2	2	70.50914	1.162832	1
4	2	3	17.64637	0.3707289	1
4	2	4	11.20445	0.3919883	1
4	2	5	28.21328	0.4807407	1
4	2	6	30.97827	0.5600395	1
4	2	7	12.79324	0.3632636	1
4	2	8	20.27477	0.3537947	1
4	2	9	12.27441	0.3046346	1
4	2	10	20.49846	0.3512968	1
4	2	11	3.415091	1.367455	1
4	2	12	16.23386	0.3347507	1
4	2	13	15.44873	0.3990732	1
4	2	14	12.94527	0.8264065	1
4	3	0	10.85298	0.3811194	1
4	3	1	19.44664	0.4030157	1
4	3	2	35.92402	0.6363471	1
4	3	3	17.68983	0.3748221	1
4	3	4	20.39645	0.4202157	1
4	3	5	34.5385	0.576047	1
4	3	6	16.31155	0.4169488	0
4	3	7	28.78875	0.525391	1
4	3	8	6.795927	0.6117659	1
4	3	9	7.518134	0.3670244	1
4	3	10	12.53316	0.4097969	1
4	3	11	15.9286	0.3934759	1
4	3	12	22.63108	0.3825768	1
4	4	0	25.77329	0.5523708	1
4	4	1	8.068702	0.2988147	1
4	4	2	22.33675	0.4165638	1
4	4	3	32.9494	0.5882707	1
4	4	4	28.64501	0.476896	1
4	4	6	24.88532	0.4679455	0
4	4	7	8.159118	0.3533795	1
4	4	9	9.207229	0.4117937	1
4	4	12	17.29988	0.3917841	1
4	5	0	11.81151	0.4825081	1
4	5	1	16.52909	0.3595496	1
4	5	2	16.8839	0.5871093	0
4	5	3	10.03213	0.3372422	1
4	5	4	10.45352	0.401233	1
4	5	5	11.78721	0.2855924	1
4	5	6	7.422618	0.4790116	1
4	5	7	13.3512	0.397091	1
4	5	8	10.22335	0.3651988	1
4	5	9	10.2398	0.3653893	1
4	5	10	6.405757	0.8232486	1
4	5	11	11.23952	0.3205344	1
4	6	0	19.77241	0.4563475	1
4	6	2	34.91446	0.6154299	1
4	6	3	17.1004	0.3750323	0
4	6	4	23.94645	0.4978628	1
4	6	8	11.2721	0.5020853	1
4	6	9	11.30062	0.3755486	1
4	6	10	6.762914	0.58783	1
4	6	11	7.780936	0.617967	1
4	6	12	9.936682	0.3521222	1
4	7	1	16.27446	0.3493088	1
4	7	2	45.62577	0.6497384	0
4	7	3	20.79951	0.5133194	1
4	7	4	6.577632	0.542531	1
4	7	5	6.449479	0.359735	1
4	7	6	11.03037	0.3143457	0
4	7	7	14.39467	0.3659274	1
4	7	8	18.06995	0.3388053	1
4	7	9	10.88756	0.4907281	1
4	7	10	13.32	0.3247561	1
4	8	0	18.46305	0.8208948	1
4	8	1	27.17447	0.4649795	1
4	8	2	27.51618	0.4195327	1
4	8	3	26.84469	0.4791455	1
4	8	4	7.198498	0.3395962	1
4	8	5	17.43296	0.5353714	1
4	8	7	8.72217	0.6969185	1
4	8	8	10.8211	0.4750388	1
4	9	2	16.20664	0.5240733	0
4	9	3	15.69655	0.715816	1
4	9	4	9.403	0.5990861	1
4	9	5	13.5782	0.6105958	1
5	0	0	29.48514	0.7298181	1
5	0	1	30.80517	0.7446702	1
5	0	3	9.96974	0.4939025	1
5	0	4	23.39539	0.6893539	1
5	0	5	26.42221	0.6663029	0
5	0	6	17.20599	0.6493059	1
5	0	7	21.83802	0.6102915	1
5	0	8	25.83396	0.6989121	1
5	0	9	39.36938	0.7728509	1
5	0	10	29.73445	0.7152446	1
5	0	13	16.71211	0.5716588	1
5	1	0	13.45249	0.4709437	1
5	1	1	33.12984	0.559579	1
5	1	2	26.48421	0.4941129	1
5	1	3	14.94909	0.4397569	1
5	1	4	7.833857	0.4171273	1
5	1	5	24.23192	0.4030653	1
5	1	6	26.66212	0.4641961	1
5	1	8	30.23733	0.5184159	1
5	1	9	29.07306	0.4565302	0
5	1	10	67.73705	0.8685876	1
5	1	11	13.36715	0.3015154	1
5	1	12	14.90419	0.402785	1
5	1	13	16.55914	0.3890952	1
5	2	0	62.67944	1.017863	1
5	2	1	27.2261	0.5446233	1
5	2	2	25.52807	0.4477842	1
5	2	3	26.33496	0.4596344	0
5	2	5	11.93558	0.4105277	1
5	2	7	18.52969	0.3626552	1
5	2	8	20.28585	0.3891939	1
5	2	9	24.27868	0.3778874	1
5	3	0	40.90902	0.7233319	1
5	3	1	19.42328	0.4146532	1
5	3	2	17.85297	0.4802093	1
5	3	3	30.37241	0.4782842	1
5	3	4	10.23174	0.2713983	1
5	3	5	9.131276	0.4145359	1
5	3	7	14.43813	0.3334623	1
5	3	8	34.10639	0.48446	1
5	3	9	19.74154	0.4048681	1
5	3	10	21.89086	0.3404858	1
5	3	13	12.88218	0.4399548	1
5	4	0	21.89568	0.4561433	1
5	4	1	16.79155	0.3503526	1
5	4	2	19.45501	0.3602257	1
5	4	3	20.77987	0.5660078	1
5	4	4	18.11202	0.3666478	1
5	4	5	9.524257	0.3263105	0
5	4	6	22.43184	0.4103225	1
5	4	7	12.6348	0.3907481	0
5	4	9	20.88552	0.3683579	1
5	5	0	18.30589	0.4121579	1
5	5	1	30.72313	0.515158	1
5	5	2	28.52119	0.5219589	0
5	5	3	10.60406	0.6527737	1
5	5	5	11.55694	0.3051904	1
5	5	6	13.21585	0.5328108	1
5	5	8	19.25297	0.3365295	0
5	5	9	9.230021	0.4903734	1
5	5	10	11.18513	0.4371526	1
5	5	11	11.65814	0.3829292	1
5	5	12	9.575218	0.7181031	1
5	6	0	33.38381	0.5524848	1
5	6	1	20.98242	0.5152023	1
5	6	2	9.03964	0.6976799	1
5	6	3	26.77697	0.4499752	0
5	6	4	12.69576	0.5847203	1
5	6	5	22.33691	0.4219761	1
5	6	6	7.455934	0.6635027	1
5	6	7	19.43402	0.4540866	0
5	6	8	11.03067	0.4775161	1
5	6	9	21.39349	0.3857363	1
5	7	0	31.58586	0.5599294	1
5	7	1	17.37881	0.3847904	1
5	7	2	22.74551	0.3246815	1
5	7	3	16.19819	0.3686765	1
5	7	4	9.62425	0.6685574	1
5	7	6	12.70573	0.3260022	1
5	7	7	10.29231	0.4860036	0
5	7	8	26.55718	0.4151338	1
5	7	9	15.91738	0.2895798	0
5	8	0	31.63426	0.9030671	1
5	8	1	14.07135	0.4119615	1
5	8	2	13.91562	0.3951651	1
5	8	3	12.02122	0.4104949	1
5	8	4	24.9544	0.4371323	0
5	8	6	7.429063	0.6192859	1
5	8	7	14.10133	0.340796	1
5	9	3	9.241016	0.6790088	1
6	0	1	37.32056	0.8959177	1
6	0	2	9.290371	0.6882058	1
6	0	3	21.67053	0.5404092	0
6	0	4	13.72721	0.7841637	1
6	0	5	14.25129	0.637458	1
6	0	6	33.6571	1.057973	1
6	0	7	61.32658	1.330904	1
6	0	9	39.4409	0.7798441	1
6	0	11	19.05118	0.6882362	1
6	1	0	21.01636	0.5017557	1
6	1	1	38.50613	0.8235963	1
6	1	3	14.15207	0.598215	1
6	1	4	11.78793	0.8745556	1
6	1	5	30.53883	0.5237541	1
6	1	6	14.37029	0.4382851	1
6	1	7	20.3924	0.3395819	1
6	1	8	41.25967	0.5737097	1
6	1	9	13.88097	0.3123581	1
6	1	10	12.20961	0.2911538	1
6	1	11	7.484637	0.7165015	1
6	2	0	27.99393	0.5708675	1
6	2	1	15.96672	0.8283824	0
6	2	2	8.526958	0.4362696	1
6	2	3	23.43576	0.4024405	1
6	2	4	23.12172	0.6452146	1
6	2	5	20.74023	0.3920121	1
6	2	6	27.51866	0.4903139	1
6	2	7	39.13624	0.5855699	1
6	2	8	10.98928	0.4530327	0
6	2	9	12.30883	0.3392586	1
6	2	10	15.30711	0.4210384	1
6	3	0	10.86311	0.3683148	1
6	3	1	16.30322	0.3629697	1
6	3	2	9.842312	0.4420249	1
6	3	3	18.0005	0.554808	1
6	3	4	16.15137	0.3366523	1
6	3	5	7.629378	0.388135	1
6	3	7	7.982389	0.4526139	1
6	3	8	9.032543	0.4566607	1
6	3	9	9.605123	0.4667514	0
6	3	11	14.71921	0.5809128	1
6	4	2	16.54438	0.3414641	1
6	4	3	16.22615	0.5081304	1
6	4	5	6.122177	0.4537354	1
6	4	6	12.63382	0.3826179	0
6	4	7	9.38663	0.5563604	1
6	5	1	28.20161	0.4908558	1
6	5	2	13.89503	0.3964404	1
6	5	3	16.99282	0.6043392	1
6	5	4	6.371543	0.4808902	1
6	5	5	11.47296	0.3359714	1
6	5	6	8.299204	0.4889986	1
6	5	8	9.475095	0.3965623	1
6	5	9	8.694395	0.613421	0
6	5	10	13.9469	0.4959873	1
6	6	0	15.33374	0.4525935	1
6	6	1	26.13141	0.4558222	1
6	6	2	13.66167	0.3394675	1
6	6	3	5.547286	0.4065313	1
6	6	4	10.15588	0.3518312	1
6	6	5	11.51327	0.3762428	1
6	6	6	11.30129	0.3175751	1
6	6	8	8.746579	0.3887122	1
6	7	0	10.71957	0.7755383	1
6	7	1	9.125097	0.3446274	1
6	7	2	8.995022	0.4153273	0
6	7	6	16.06739	0.3352908	1
6	7	7	8.23422	0.625988	1
6	8	0	12.20161	0.3328336	1
6	8	1	4.48224	0.459659	1
6	8	3	17.81963	0.6128361	1
6	8	4	12.61957	0.353131	1
6	8	5	14.64482	0.3314036	1
6	9	0	10.7636	0.7265453	0
7	0	0	10.22649	0.549	1
7	0	3	9.81056	0.4325036	1
7	0	5	34.25756	0.8063326	1
7	0	7	22.6923	0.7017235	1
7	0	10	10.60482	0.8266822	1
7	1	0	11.26248	0.4493973	1
7	1	2	17.89336	0.445671	0
7	1	3	19.1855	0.4597263	1
7	1	4	20.75367	0.5379669	1
7	1	5	21.25221	0.4183159	1
7	1	6	61.33373	0.8764907	1
7	1	7	8.288152	0.7092765	1
7	1	8	24.79487	0.4322507	0
7	1	9	22.72463	0.7137132	1
7	2	0	18.17724	0.564346	1
7	2	1	29.60123	0.5635853	1
7	2	3	17.5603	0.4009164	1
7	2	4	21.8753	0.3875845	1
7	2	5	19.58061	0.3652172	1
7	2	6	15.04823	0.3830496	1
7	2	7	21.62951	0.4568074	1
7	2	8	8.606163	0.6448833	1
7	2	9	8.447543	0.5086371	1
7	2	10	10.04135	0.533857	1
7	3	2	23.12785	0.524003	1
7	3	4	10.28588	0.370222	1
7	3	6	19.09044	0.3815419	1
7	3	7	17.57409	0.3921466	1
7	3	9	8.764564	0.7103415	1
7	4	1	9.740012	0.7028645	1
7	4	4	13.11861	0.3332081	0
7	4	5	23.25494	0.4155472	0
7	4	8	15.66136	0.4697175	1
7	5	2	16.41522	0.378308	1
7	5	5	22.70085	0.4037669	1
7	5	6	23.98079	0.4794328	1
7	5	7	15.76162	0.3972251	1
7	5	8	18.99121	0.3826228	1
7	6	0	9.562266	0.6865981	1
7	6	1	15.72666	0.3451191	1
7	6	4	10.89366	0.3615118	1
7	6	5	22.554	0.4020334	1
7	7	0	12.90624	0.3346429	1
7	7	4	10.33921	0.719349	1
7	7	5	16.71849	0.3803296	1
7	8	2	13.79466	0.5610251	0
8	0	0	11.47434	0.6381122	1
8	0	2	11.67081	0.8256115	1
8	0	3	22.33071	0.7771725	1
8	0	4	15.73694	0.5248744	1
8	0	6	14.30468	0.893369	1
8	1	0	12.66072	0.4544505	1
8	1	1	11.73268	0.6048895	0
8	1	2	26.19443	0.4214039	1
8	1	3	22.26233	0.4770277	1
8	1	4	30.50713	0.4119659	1
8	1	5	22.7878	0.3614717	1
8	1	6	15.2783	0.931073	1
8	1	7	12.78876	0.7849326	1
8	2	1	27.78649	0.4681931	1
8	2	2	15.27244	0.4482663	1
8	2	3	27.2368	0.4810362	1
8	2	4	15.73793	0.5019502	1
8	2	6	10.38754	0.5682288	1
8	3	1	11.30327	0.573943	1
8	3	2	32.76438	0.4267346	1
8	3	3	10.43118	0.6443935	1
8	3	4	12.83307	0.5803725	1
8	3	5	23.35103	0.5472336	0
8	3	6	8.852214	0.498147	1
8	3	7	15.7146	0.5557513	1
8	4	1	10.5279	0.6778977	1
8	4	3	9.277786	0.4438595	1
8	4	4	17.7534	0.4021992	1
8	4	5	10.5996	0.5878648	1
8	4	7	13.87823	0.5162654	1
8	5	0	12.93803	0.6629606	1
8	5	2	9.625908	0.5165621	1
8	5	3	10.22826	0.4524351	1
8	5	4	7.092452	0.6385363	1
8	6	1	18.32872	0.4349478	1
8	6	2	9.229752	0.752247	1
8	6	3	10.636	0.6761484	1
8	6	4	8.741769	0.7784431	1
8	7	1	10.42024	0.7444029	1
8	7	2	13.88577	0.3904684	1
9	0	1	33.22832	0.6281509	1
9	0	2	14.835	0.6592646	1
9	0	5	12.92747	0.888361	1
9	1	1	14.97388	0.4600296	1
9	1	2	23.04555	0.4682159	1
9	1	4	9.874456	0.931312	1
9	1	5	11.39254	0.7578409	1
9	2	0	17.45822	0.4281681	1
9	2	1	13.87482	0.6824323	1
9	2	4	15.05698	0.4758702	1
9	3	2	12.65419	0.4983208	0
9	3	4	15.48001	0.5579402	1
9	4	0	9.35843	0.5312321	1
9	4	2	10.77857	0.4831278	1
9	5	0	18.23981	0.5402585	1
9	5	1	11.07581	0.9184472	1
9	6	0	10.61527	0.5343405	1
9	6	1	7.629294	0.7019133	1
10	0	0	13.74165	0.9357751	1
10	0	2	9.688444	0.8755999	1
10	1	0	36.91181	0.5656658	1
10	3	3	9.174422	0.8204617	1
10	4	0	10.64409	0.8191145	1
